#이름 3타 A조 B조 C조 2타 A조 B조 C조 순서 선호근무 입력 사이사이는 tab키로 하면 깔끔
#분대원 수 적어주시고 분대표 순서대로 적어주시기 바랍니다.
5
Member01  6,4,8    8,12,4    10,6,22   6,8     8,4   2,22
Member02  6,4,8    8,12,2    10,2,6    4,8     8,2   10,2
Member03  6,4,8    8,12,4    2,6,22    6,8     8,4   2,22
Member04  6,4,8    8,12,2    10,2,6    6,4     8,2   10,2
Member05  6,8,12   8,12,2    10,6,22   6,8     12,2  6,22
5
Member06  6,4,8    8,12,2    10,2,6    6,8     8,2   10,6
Member07  6,4,8    8,12,4    10,2,6    6,4     8,4   10,2
Member08  6,8,12   8,12,4    2,6,22    6,8     12,4  2,22
Member09  6,4,8    8,12,2    10,2,6    6,4     8,2   6,22
Member10  6,4,8    8,12,2    10,2,6    6,4     8,2   10,2
6
Member11  6,4,8    8,12,2    10,2,22   6,8     8,2   10,22
Member12  6,4,8    8,12,2    10,2,6    6,4     8,2   10,2
Member13  6,8,12   8,12,4    2,6,22    8,12   12,2   2,22
Member14  6,4,8    8,12,2    10,2,6    6,4     8,2   10,2
Member15  6,4,8    8,12,2    10,2,6    6,4     8,2   10,2
Member16  6,4,8    8,12,2    10,2,6    6,4     8,2   10,2
5
Member17  6,4,8    8,12,2    10,2,6    6,4     12,2  10,2
Member18  6,4,8    8,12,2    10,2,6    6,4     8,2   10,2
Member19  6,4,8    8,12,2    10,2,6    4,8     8,2   10,2
Member20  6,4,8    8,12,2    10,2,22   6,8     12,2  10,2
Member21  6,4,8    8,12,2    10,2,22   6,8     8,2   6,22
------------------------------------------------------------------------------#실선삭제금지
#근무타수 수정 입니다
#정출, 별정, 별후, 서남문 순서
#예시(A조 6시[정출,별정,별후,서남문], 4시[정출,별정,별후,서남문]...)
A조타수 2,2,2,1  5,3,2,1  3,2,2,1  2,2,1,1 
B조타수 5,3,2,1  5,3,2,1  2,2,1,1  2,2,1,1
C조타수 5,3,2,1  5,3,2,1  5,3,2,1  2,2,1,1
A조주말타수 2,2,1,1  3,2,2,1  2,2,2,1  2,2,1,1
B조주말타수 3,2,2,1  3,2,2,1  2,2,1,1  2,2,1,1
C조주말타수 3,2,2,1  3,2,2,1  2,2,2,1  2,2,1,1